# Created by Octave 5.2.0, Wed Oct 14 20:13:31 2020 GMT <unknown@DESKTOP-K23T316>
# name: alphabet
# type: scalar
2


